0.5 0.0 0.16666666666666666 0.0 0.5 0.0 0.0 0.6666666666666666 0.0 0.0 0.0 0.16666666666666666
0.16666666666666666 0.5 0.0 0.16666666666666666 0.0 0.5 0.0 0.0 0.6666666666666666 0.0 0.0 0.0
0.0 0.16666666666666666 0.5 0.0 0.16666666666666666 0.0 0.5 0.0 0.0 0.6666666666666666 0.0 0.0
0.0 0.0 0.16666666666666666 0.5 0.0 0.16666666666666666 0.0 0.5 0.0 0.0 0.6666666666666666 0.0
0.0 0.0 0.0 0.16666666666666666 0.5 0.0 0.16666666666666666 0.0 0.5 0.0 0.0 0.6666666666666666
0.6666666666666666 0.0 0.0 0.0 0.16666666666666666 0.5 0.0 0.16666666666666666 0.0 0.5 0.0 0.0
0.0 0.6666666666666666 0.0 0.0 0.0 0.16666666666666666 0.5 0.0 0.16666666666666666 0.0 0.5 0.0
0.0 0.0 0.6666666666666666 0.0 0.0 0.0 0.16666666666666666 0.5 0.0 0.16666666666666666 0.0 0.5
0.5 0.0 0.0 0.6666666666666666 0.0 0.0 0.0 0.16666666666666666 0.5 0.0 0.16666666666666666 0.0
0.0 0.5 0.0 0.0 0.6666666666666666 0.0 0.0 0.0 0.16666666666666666 0.5 0.0 0.16666666666666666
0.16666666666666666 0.0 0.5 0.0 0.0 0.6666666666666666 0.0 0.0 0.0 0.16666666666666666 0.5 0.0
0.0 0.16666666666666666 0.0 0.5 0.0 0.0 0.6666666666666666 0.0 0.0 0.0 0.16666666666666666 0.5
0.5 0.0 0.16666666666666666 0.5 0.0 0.0 0.0 0.6666666666666666 0.0 0.0 0.16666666666666666 0.0
0.0 0.5 0.0 0.16666666666666666 0.5 0.0 0.0 0.0 0.6666666666666666 0.0 0.0 0.16666666666666666
0.16666666666666666 0.0 0.5 0.0 0.16666666666666666 0.5 0.0 0.0 0.0 0.6666666666666666 0.0 0.0
0.0 0.16666666666666666 0.0 0.5 0.0 0.16666666666666666 0.5 0.0 0.0 0.0 0.6666666666666666 0.0
0.0 0.0 0.16666666666666666 0.0 0.5 0.0 0.16666666666666666 0.5 0.0 0.0 0.0 0.6666666666666666
0.6666666666666666 0.0 0.0 0.16666666666666666 0.0 0.5 0.0 0.16666666666666666 0.5 0.0 0.0 0.0
0.0 0.6666666666666666 0.0 0.0 0.16666666666666666 0.0 0.5 0.0 0.16666666666666666 0.5 0.0 0.0
0.31622776601683794 0.0 0.0 0.0 0.0 0.9486832980505138 0.0 0.0 0.0 0.0 0.0 0.0
0.0 0.0 0.0 0.6666666666666666 0.0 0.0 0.16666666666666666 0.0 0.5 0.0 0.16666666666666666 0.5
0.5 0.0 0.0 0.0 0.6666666666666666 0.0 0.0 0.16666666666666666 0.0 0.5 0.0 0.16666666666666666
0.16666666666666666 0.5 0.0 0.0 0.0 0.6666666666666666 0.0 0.0 0.16666666666666666 0.0 0.5 0.0
0.0 0.16666666666666666 0.5 0.0 0.0 0.0 0.6666666666666666 0.0 0.0 0.16666666666666666 0.0 0.5
